,2352,765,2916,1569,515,6307,4178,2384,2225,6697,5385,1830,5959,6364,400,7582,6247,3526,4408,7860,7557,666,6116,4049,6680,6268,6636,1824,5243,2342,5352,7751,7022,3754,872,5108,1621,5911,2155,1601,2179,4743,7791,5439,899,7413,7225,7902,1207,7920,5811,3875,7852,6907,308,263,5550,5546,1566,2656
0,https:freiwing.de,https:dermaorganicsbycfbp.com,https:breezedecor.in,https:briskracing.com,https:campingnatural.com,https:hippiestick.co.nz,https:wolk-antwerp.com,https:annsfabulouscloseouts.com,https:mozstyle.com,https:myfetchpets.com,https:francesnation.co.nz,https:sandcloudapparel.com,https:cyclesimplex.com,https:phaiana.com,https:flyingout.co.nz,https:boutiquesweetbirdie.com,https:minnieandmeinteriors.com,https:makememoldme.com,https:bestmascota.com,https:dreamslights.com,https:urbanbilly.com,https:colgatedirect.com,https:citygalboutique.com,https:prestigebackyards.com,https:swimmduchess.com,https:drjensnutrition.com,https:whatagirlwantsli.com,https:apogeeculinary.com,https:flutterwithflair.com,https:movement.us,https:sagecostore.com,https:lasofy.co.uk,https:dearium.com,https:wisewaffle.com,https:zwag.gg,https:shotspotlookbook.com,https:greenwealth.com,https:stellacrumpet.com,https:scentify.ca,https:startessa.com,https:edmondsmall.com,https:lalatteria.com.pe,https:mikesdivestore.com,https:redskitchensink.com,https:luxuryandtrendy.com,https:healthandprogress.com,https:bellaandme.ie,https:sandtique-rare-printsandmaps.com,https:bathandspaparts.com,https:atlasweavers.com,https:pieceslosangeles.com,https:ldgkitchen.com,https:veraitalia.jp,https:lwscientific.com,https:machiney.net,https:pomelo-co.it,https:lumps.shop,https:relm.com.au,https:zencbdstore.com,https:karasvineyardweddingshop.com
1,https:mindfulluxe.com,https:stylforu.com,https:safersurfacing.co.uk,https:thebootyco.com,https:ladariaofficial.com,https:kawaiisquishystore.com,https:willowear.com,https:furnishit.com,https:sanctumdecor.com,https:fruitchillpops.com,https:unionsnacks.com,https:mypols.de,https:allparrotproducts.com,https:clearancehealthandbeauty.co.nz,https:alphasminerals.at,https:maximalpower.com,https:feedgoals.com,https:npact-life.com,https:theaceclubparis.com,https:lodis.com,https:wolf-athletics.com,https:olivelynndesigns.com,https:windypointsoap.com,https:nathearn.com,https:shopteaforthree.com,https:glueonpaper.com,https:etre-fort.ch,https:mrkitly.com.au,https:costcuttersrus.com,https:2y-premium.com,https:footcomfortsocks.com,https:rev9ty.store,https:quicky-market.nl,https:deineleggings.ch,https:charliedolly.com,https:merccahotel.com,https:ruedesdames.paris,https:mondy78.com,https:berkcom.com,https:hopeandme.com.au,https:yizzam.com,https:kunstsokken.nl,https:firstclasswheels.com,https:laundry-alternative.com,https:goldandcoboutique.com,https:salty-crew.eu,https:frenchfarmacie.com,https:stepintoyourlight.co.za,https:gardeshop.com,https:alllifelabs.com,https:fiercelyfeminineswim.com,https:avenueshoppe.com.au,https:partycorner.com.au,https:everdise.com,https:machrus.com,https:profumeria-festa.com,https:theforestfactory.net,https:ohbacorp.com,https:veritas.fit,https:florence-london.com
2,https:forsonline.nl,https:dilettante.com,https:mp3car.com,https:amtechdirect.com,https:beesmartbuyy.com,https:craftycroc.com,https:prochimps.com,https:levaskin.com,https:royalmarketingteam.com,https:momagenda.com,https:lucile-roy.com,https:www.josueyrion.org,https:electrical.mu,https:themartcollective.com,https:bebeliebe.de,https:cumfylids.com,https:outlet36.com,https:storecomprasonline.com,https:prestigeclips.com,https:capellinewyork.com,https:yodokan.com,https:onlycrits.com,https:g4g.ch,https:kingseal.com,https:teslachargerlock.com,https:trendivine.com,https:dearlylovedbridal.com,https:theadelaidestore.com.au,https:formalwearoutlet.com,https:amymacstyle.com,https:sgchinesebooks.com,https:yancart.com,https:drnaturalusa.com,https:spr-kids.com,https:fckfanshop.dk,https:gma-sockwellusa.com,https:disc-it.com,https:motodlvrd.com,https:stil-lifestyle.com,https:runwayshopsy.com,https:jolie.com.br,https:birksen.com,https:q1engravers.com,https:motitopia.com,https:silkly.co.uk,https:ymstore.net,https:twirlplanet.com,https:sohnskin.com,https:hollywood1k.com,https:strangerstees.com,https:techzonegeelong.com,https:cassycheese.com,https:smartpractice.com.au,https:wadsonsfarm.com,https:madamsew.com,https:prolon.it,https:leatho.com,https:hillflint.com,https:outkastpeople.com.tr,https:ibhana.net
3,https:shallnotcomply.com,https:dimebags.com,https:hatchgolf.com,https:ozjack.com.au,https:jennymclean.net,https:zasha.ro,https:love-deluxe.de,https:devegatienda.com,https:theexampros.com,https:amirisu.com,https:feetmint.com,https:productsbymobi.com,https:skypeak.com.mx,https:marioncage.com,https:coolshoppen.de,https:iamdenim.co.uk,https:saltwater-sandals.com,https:goriderep.com,https:pennsylvania-woodworks.com,https:baistapparel.com,https:elenaclaire.co.uk,https:oozelife.com,https:soloblacksmith.com,https:orifitactive.com,https:iamtenandahalf.com,https:lianaclothing.com,https:ishq.uk,https:facelake.com,https:sealitgreen.com,https:toroclothing.com.br,https:beyondproshop.com,https:everpret.com,https:ekatmagic.com,https:littlesquirel.in,https:visjudecor.com,https:diffuserme.com,https:flareskateblade.com,https:beliosa.com,https:wiconnectmobile.co.za,https:feetup.com.au,https:kewdovventures.com,https:shootammo.com,https:www.mulletboards.com,https:arshameditions.shop,https:thegoodcherry.com,https:asante.us,https:nior.london,https:ilfornodellepuglie.it,https:harrietandhudson.com.au,https:superishkashop.com,https:thebetterboat.com,https:winshop.pk,https:bronzeera.com,https:huntinggroundstore.com,https:maddetailingusa.com,https:quranforfree.com,https:jasieblanks.com,https:underjeans.in,https:sextantcoffee.com,https:indyarn.com
4,https:copper-pro.com,https:kelleydistribution.com,https:min-nano.net,https:localdockbox.com,https:liveupfitness.com,https:leather.company,https:mentorii.pk,https:popbeauty.co.uk,https:samuraitactical.com,https:withlovepawtique.co,https:liftherfitness.com,https:youandme.shop,https:worthy-threads.com,https:realistlifestyle.com,https:haustierverliebt.de,https:malabellajewels.com,https:bondieco.com,https:organikbeauty.us,https:planobridal.com,https:houndsofeden.co.uk,https:bunosilo.com,https:orangecirclestudio.com,https:fivebyflynn.com,https:officedeskmat.com,https:karnaramsay.com,https:sdesignjewelry.com,https:fawcettmattress.com,https:vertedge.com,https:sweetandsavoryclassroom.com,https:donatohelbling.com,https:tabrasa.store,https:fugitivetoys.com,https:sanaraskincare.com,https:lojasegredolunar.com,https:raesbeautyvanity.com,https:meandhecreations.com,https:dronesxpress.com.au,https:popshop.my,https:gfyself.com,https:seedcarrot.com,https:bijouxkabyles.com,https:filtreceshop.com,https:mdstickers.com,https:toothkandytoothjewelry.com,https:rwbowtique.com,https:freybors.com,https:ideaure.com,https:alaclairefontaine-cosmetiques.fr,https:kerryrocks.com.au,https:racingrant.com,https:soscare.co,https:scentedsensations.co.uk,https:allboxedout.com,https:bookbean.com.ph,https:madebyradius.com,https:raggipreziosi.com,https:madavi.com.br,https:thebusinessfashion.com,https:thedriphub.com,https:wildbounds.com
5,https:curbicus.com,https:dioxyme.com,https:brandsjustpretcanada.com,https:ghiasidesigns.com,https:fidgethouse.com,https:sujwel.com,https:spygataukuota.lt,https:hipflaskplus.com,https:hushpuppies.hn,https:uperfectmonitor.com,https:deermama.nl,https:jaymeesrp.com,https:salonenzoolizzo.store,https:casaplanta.mx,https:pawly-store.com,https:rescueshoes.com,https:cablecritterco.com,https:odangfoods.com,https:shop-leigh.com,https:renucell.com,https:13lun.com,https:kartquest.com,https:ladycimonnecandleco.com,https:scalle.co,https:ukusedgolfclubs.co.uk,https:donkikicigar.com,https:jimmybench.com,https:inspiredperfumes.co.uk,https:wynwoodshadesmiami.com,https:wishesonthewind.com,https:soluxi.co,https:sevenzerofive.com,https:tskleatherworks.com,https:miaroo.com,https:cooldude.co.za,https:atiuqfashioncollection.com,https:primocyn.com,https:storysupplyco.com,https:bronzefeather.com,https:vegasstrip.com,https:nflightcam.com,https:weheartgeeks.com,https:rgsclothing.com.au,https:petfur.net,https:uranniversarygift.com,https:protechsproducts.com,https:thechocolatekiss.com,https:hbni.co.uk,https:youngtimersny.com,https:nefsu.de,https:bacecollective.com,https:thetrojanshop.com,https:instylefragrances.com,https:hlmcase.com,https:madebyscratchcrafts.com,https:ragno.eu,https:theflowmarket.com,https:boncourageapparel.com,https:sublimatio.jp,https:goodhangups.com
6,https:dreamfashion.co.za,https:loyaltoatee.com,https:il-keys.co.il,https:firstaidshoppe.com,https:huenoir.com,https:networksreimagined.com,https:sportshut.com.au,https:equalsportsproject.com,https:justmaxfitnessnutrition.com,https:greeneyeddevils.com,https:cabeau.com,https:auntienonos.com,https:freesoulexpressions.com,https:neeshstores.com,https:purelei.com,https:teamson.co.uk,https:shophorseshoe.com,https:personalfiets.nl,https:soyparrillero.mx,https:anwarcarrots.com,https:singthaihin.com,https:orderpiebar.com,https:hazenandco.com,https:rubyshoo.com,https:souliersmartinez.com,https:ubunturepublic.com,https:livetrendsx.com,https:kurenkure.com,https:bysimon.com,https:overlookboots.com,https:quikbrushco.com,https:britishpondplants.co.uk,https:octaneandoxygen.de,https:shopmelangeboutique.com,https:kissdress.com,https:berserkerbodybuildingandfitness.com,https:collectemall.com.au,https:foards.com,https:freni.ca,https:fuzzyduds.com,https:bubbawhips.com,https:bingsurf.com,https:dibatrue.com,https:gokarton.com,https:thegrindathletics.com,https:shopcactuscowgirl.com,https:thepiggybox.com,https:dola80.com,https:focusers.com,https:vital4u.com,https:goushopie.com,https:minskashop.de,https:takesumi.co.uk,https:adorolingerie.com.br,https:madehavoc.com,https:relaxcompany.in,https:noorlinen.com,https:wonkydonkeyboutique.co.uk,https:loveloversstore.com,https:riplife1.com
7,https:lentalia.gr,https:paperplanningandmore.com,https:magita.de,https:edimass.sg,https:swrdive.com.au,https:wizardofbarge.com,https:rohmart.com,https:livthelabel.com,https:swimswim.com,https:klamm-team.de,https:aquapac.ca,https:impresso.store,https:sugarfreemarkets.com,https:luminaidvzla.com,https:wills-vegan-shop.de,https:suttongrange.com.au,https:fitnfly.co.uk,https:aretbasewear.com,https:undergroundcostumes.com,https:savans.com.au,https:loutopia.ca,https:beckendorf.com,https:lexxacollection.com,https:growitdepot.com,https:lucidbands.com,https:sokawaiibox.com,https:inkandpine.com,https:sp2life.com,https:pilastore.com,https:ibizatarot.com,https:recycledkarmabrands.com,https:sleepnbeauty.com,https:artistproofstudio.co.za,https:optilab.com,https:crowningglorybeautysupplystore.com,https:brewedtreatssampleshop.com,https:randomandchic.com,https:lararosnovsky.com,https:thesilkportal.com,https:medlabdiagnosticssupplies.com,https:henuaofficial.com,https:unhappy.com,https:tangoyankeechip.com,https:litezall.com,https:1to3life.com,https:goldingsurplus.co.uk,https:exquisite.ca,https:wisconsinhempscientific.com,https:cfoforwomen.com,https:thestablesofcomo.com.au,https:luckyladyfarms.com,https:thesoundgarden.co.uk,https:csjbespoke.co.uk,https:ilumi.co,https:madeinkc.co,https:retrogamingshop.it,https:danielsjewelart.com,https:thepeoplesplants.com,https:nowastedweekends.com,https:themidasco.com
8,https:keplerwatches.com,https:directdoorsandhardware.com,https:gogreensolar.com,https:nipyata.com,https:conester.com,https:kimmyshop.com,https:aminpetshop.com,https:newtruckingauthorityvinyls.com,https:justairsoft.co.uk,https:ggschildrens.com,https:airebilapparel.com,https:nrmauto.com,https:minnettescandles.com,https:zjoxa.com,https:madjessie.com,https:beersy.com,https:marenzomoda.it,https:jenstongirl.com,https:digitalprintsupplies.com,https:javahubcoffee.com,https:toyage.net,https:origoshoes.com,https:rebelglamhair.com,https:moditoys.com,https:hytektools.com,https:deevaz.in,https:boosttoyshop.com,https:quecan.com,https:in-trigue.com,https:npureofficial.id,https:gizmosnap.com,https:wolfandthistle.com,https:paesecosmetics.com.mx,https:wellnessfitstore.com,https:blackicediecast.com,https:clever-products.com.au,https:shopdurhamregion.ca,https:vanillavape.co.za,https:vacpluslab.com,https:brokeradvocate.com,https:markusmolitor.com,https:edanafarms.com,https:stage21bikes.com,https:wnwnfoodlabs.com,https:bedrockattachments.com,https:abbiattiuk.com,https:giftcustom.co,https:flkrlytr.com,https:avajanesblanks.com,https:figface.com,https:happylifenutrition.com,https:therapystores.com,https:cannedcritters.com,https:circebeauty.com,https:madeinnature.com,https:risparmio-elettrico.it,https:ibrag.store,https:cityfurniturecanada.com,https:rollors.com,https:trocarkit.com
9,https:simply-hifi.com,https:directmattressstore.com,https:hotelsuppliesdelivered.com,https:lightner.shop,https:ginandgrace.com,https:thenobraclub.com,https:beamtechs.com,https:leadingbeds.co.uk,https:berserker-coffee.com,https:lavenderpineboutique.com,https:scubamerch.com,https:sofa-shop.co.uk,https:tntsteampunk.com,https:gma-carenproducts.com,https:pureformen.com,https:yeembe.com,https:gratisfied.com,https:propriisnaturals.com,https:beautybrush.shop,https:superbella.es,https:mantero.com,https:whitewillowbox.com,https:kochlincoln.com,https:mybeerdealer.com.au,https:saletabletennis.com,https:marineexperience.ca,https:thatlittleflowershop.com.au,https:confortpro.fr,https:runandfollowshop.com,https:blendx.fr,https:tinyjungles.com,https:klarskin.com,https:funkytradition.com,https:jartrackllc.com,https:grettyrose.com,https:demo1.club,https:blueknit.jp,https:toguardshop.com,https:tekhouz.com,https:rootberry.com,https:thegrappleclub.com,https:littlechampionreader.com,https:thestyleplanner.com,https:magcongaming.com,https:kenzy.ca,https:shopmaxwell.com,https:moabcornhole.com,https:3million.co,https:mashemodern.com,https:eourmart.com,https:yourceus.com,https:themodern.net.au,https:halftimeholdings.com,https:pardesdesigns.com,https:madelinetosh.com,https:robertogiannotti.com,https:dinhållning.se,https:countryconnectionstore.com,https:buypackmate.co.uk,https:nulosangeles.com
10,https:parisintimates.com,https:bnfdistribution.com,https:shopswank.com,https:herearrings.com,https:thecabinet.no,https:babapicks.com,https:fyndhallen.se,https:kristinit.com,https:foxtale.in,https:claritycushion.com,https:footsiellc.com,https:outstandingnow.com,https:pistons313shop.com,https:falary.de,https:thegymking.com,https:gregghelfer.com,https:smugpugbakery.com,https:blaqglo.com,https:intymen.com,https:ultra-green.de,https:grassrootsselftreatment.com,https:bedwettinginstitute.com.au,https:thesocialdawg.com,https:sangininstruments.com,https:ehparts.com,https:vaniroutdoorkitchens.com,https:jetlifee.com,https:thehaushaus.com,https:xocolatlchocolate.com,https:brigittebeaute.com,https:megachibi.com,https:nakhti.us,https:rockingvibe.com,https:sugarcrushco.com,https:meudescontoespecial.com,https:graysondevere.com,https:liftin.store,https:vogueti.mx,https:thekitchendoorsite.com,https:yeakon.com,https:gopawgle.com,https:bexfast.com,https:kaikuna.com,https:havnstore.com,https:shopkaykouturebridal.com,https:graceandporter.com,https:mytoothco.com,https:downtownbetty.com,https:ibroderiediamant.fr,https:shopbaratoweb.com,https:honeybrookhouse.com,https:warrior12.com,https:ohshopsoc.com,https:thelibertycollection.co,https:madesafe.org,https:robertsimmonds.com,https:razzohaircare.com,https:gophoyoself.com.au,https:tamahagane.co.uk,https:7point62design.com
11,https:businessads.co,https:saneido.jp,https:huntees.com,https:kutudasanatvar.com,https:rosslsupply.com,https:halohalostore.ph,https:victoriasjournals.com,https:julahas.com,https:roxannecassil.com,https:julesreid.com,https:kimchiavocado.com,https:earthlysecretsshop.com,https:skinskisurf.com.au,https:faithskate.com,https:trancentralshop.com,https:13stripes.co,https:friendlystore.se,https:rajanyas.com,https:tuckerjackgraphics.com,https:rilesandbash.com,https:mildsage.com,https:osuga.com,https:kafa.coffee,https:pandiondirect.com,https:creativepennbooks.com,https:theicedsugarcookie.com,https:amarasboutique.com,https:mentalgear.com,https:21usbuy.com,https:toksaber.com,https:daraimarboots.com,https:folkmusician.com,https:kmtgenuineparts.com,https:ocanadamasks.ca,https:specialtygolfproducts.com,https:brikabentonville.com,https:beeinspiredmarket.store,https:bodiedathletics.com,https:shop-toymachine.jp,https:womengadget.com,https:lenajapon.com,https:nvnmarine.com,https:nazjunaid.com,https:lipotriadvitamins.com,https:fitlifeoriginal.com,https:angelrevive.com,https:lashandbeautystore.com,https:blaidishop.com,https:bnbags.com,https:nudebypoi.com,https:beautyandbeauty.org,https:roughdivision.com,https:roamluggage.com,https:braybrook.co.uk,https:madgesfood.com,https:runpups.com,https:fullsendsupps.com,https:shopthinkunique.com,https:traverseplanetearth.com,https:grandprewines.ns.ca
12,https:gungjewellery.com,https:kukuti.fi,https:shopmissbehavin.com,https:villacappelli.com,https:trajanscimed.com,https:one80dart.is,https:vaperoad.co.uk,https:sterlingcandle.com,https:bauernutrition.co.uk,https:poshandpearls.eu,https:honorluv.shop,https:jumpilabs.com,https:hugjewellery.com,https:lovenoodme.com,https:bottomslab.sg,https:tegu.com,https:andersonpaint.com,https:smartbeautyonline.com,https:hautefind.com,https:bosscrew.com,https:webosaurs.com,https:inoxia-rec.com,https:keyinch.com,https:galeriefchicago.com,https:digishop101.com,https:ring-soap.com,https:cowf.ee,https:kleerance.com,https:chezmetaformose.com,https:cardhub.com.au,https:mpow-headphones.com,https:nuut.com.au,https:oasisdayspavt.com,https:glowroller.com,https:weddingemporio.com,https:sungenomics.com,https:paperpenie.com,https:scentcraft.com,https:equalitee.in,https:premiumfanstore.com,https:babybare.com.au,https:mynextfind.com,https:shoulderreliever.com,https:sugarandvapor.com,https:sleepsilken.com,https:monkadi.com,https:mypurecomfort.com,https:whiskeyleather.com,https:againstthegraingourmet.com,https:gomotorsportsshop.com,https:akola.co,https:jordanshouses.com,https:jmpthelabel.com,https:makeyourcartoon.com,https:madisonstyle.com,https:samosjewelry.com,https:mizizishop.com,https:whiteroomcactus.com,https:anrosa-store.com,https:activestudio.in
13,https:leatherspa.fr,https:thisthatkash.com,https:wearablex.com,https:jagsfurniture.ca,https:askacollection.com,https:shoujomangajp.com,https:thesnugg.co.uk,https:buddha-gear.com,https:sawangandhi.com,https:shopendoftheday.com,https:tnpaccessories.com,https:factoryoutletsofasuperstore.co.uk,https:xtremecouture.com,https:nitesky.co,https:hammerhouse.com.sg,https:lbm1911.com,https:watches.ae,https:worldwideslave.com,https:ballerbabyclothing.com.au,https:myiblinds.com,https:ceilingsport.com,https:shirasbowtique.com,https:bestlights.com.co,https:bamboobungalow.com.au,https:upwardbaby.com,https:mobilemarket.bz,https:nerdymadeit.com,https:kiarasky.se,https:royale-botanicals.com,https:alanclaude.com,https:bandsupplies.co.uk,https:nadirabag.com,https:dogytool.shop,https:zadikase.com,https:racecraftaus.com,https:glowbydee.com,https:amitthakurhair.com,https:whatnotz.com,https:lunanorte.co,https:marinemachinesupply.com,https:usartsupply.com,https:futurerfrnce.com,https:shopdeepend.com,https:la-theiere-de-lulu.com,https:elbisny.com,https:densityhairgrowth.com,https:blueglassesco.com,https:artiphon-preorder.com,https:snapshot.cl,https:thebestdayeverr.com,https:rookiehumans.com,https:shoppingfreakmalta.com,https:nowaday.com,https:aprifles.com,https:madmicas.com,https:saucewareaudio.com,https:womensbodysuit.com,https:myswara.com,https:relaxarea.ro,https:finfolk.com
14,https:leggingspromo.com,https:wolph.co.uk,https:augustinandco.com,https:thevet.group,https:valaado.com,https:nonnipoppa.com,https:toptrendingproductsusa.com,https:gvcoj.com,https:missapril.com.au,https:nativeorganic.com,https:pilotlondon.eu,https:qexell.com,https:killerkombo.co.uk,https:themarathonshop.com.my,https:one.shop,https:wearebound.co.uk,https:beautywithtori.com,https:artnfly.com,https:poetemaudit.be,https:north56-4.dk,https:facetracetripod.com,https:overtone.co,https:hwestationery.com,https:hurtlockerapparel.com,https:audio-collection.com,https:draincleaningnozzles.com,https:sugarandbruno.com,https:levonbissstudio.com,https:goodhealthmartmilton.com,https:waterfalldecor.com,https:thebuyersclub.ca,https:darnyarn.ca,https:carylbakervisage.com,https:valuemart.co.nz,https:kanopibyarmstrong.com,https:valenda.nl,https:cardboutique.ie,https:brookfield.farm,https:delvecchiopasta.com,https:vislada.com,https:hilanyc.com,https:upblendoutdoors.com,https:officialparaconnect.com,https:eclecticeccentricity.co.uk,https:kamehamehagarments.com,https:dogtimez.com,https:playnjoy.shop,https:livingthing.co,https:jolieanddeen.com.au,https:modibot.com,https:beadsnfashion.com,https:aaworms.com,https:dinvintageshop.se,https:911healthshop.com,https:maesrustic.com,https:schiesser.hk,https:unclebudds.com,https:moovwatches.com.br,https:mastarhome.com,https:consultinggamer.com
15,https:maroliv.com.br,https:dirtybirdrecords.com,https:sassafras-lane.com,https:denisejeans.fr,https:amyrosa.fr,https:greenchiliadv.com,https:leshopbordeaux.fr,https:aestheticholic.com,https:hellospajet.com,https:castleflexx.com,https:techproducts360.com,https:zoharatights.co.il,https:naturace.com,https:sheisbombcollection.com,https:quadlockcase.asia,https:thedayhiker.com,https:elpoutdoors.com,https:theanalogvault.com,https:coverdgirlzmag.com,https:talis.com.au,https:baciel.com,https:pinnacleeat.com,https:i-n-g-a.com,https:petiteeats.co.nz,https:getanimato.com,https:milkovi.com,https:bohubd.com,https:madewrightlondon.com,https:thealiensguy.com,https:vplaboratory.com,https:boydsequipment.com,https:michaelbirawerstore.com,https:pawpykisses.com,https:onestopjoeshop.com,https:newentor.com,https:mahee.pk,https:sheatribe.org,https:klaritylondon.com,https:seagull1963watch.com,https:travorlight.com,https:lilacandflint.com,https:thehangrywoof.com,https:jolenecouture.com,https:flyaroundalaska.com,https:texascompletebronco.com,https:mybrilliantwritingplanner.com,https:tshirtatelier.com,https:gpteamwear.com,https:blanksheet.com.hk,https:hacker.gifts,https:mechkeys.ca,https:legionhealth.co.za,https:wanderingcoyote.com.au,https:demi-chef.com.au,https:magculture.com,https:secret-magic-store.de,https:miniruby.com,https:ketocoachbre.com,https:broncobull.com,https:thefluffycarnivore.com
16,https:anticarnist.com,https:dirtysecret.com,https:flowerlaneandco.com.au,https:enchantedgeniellc.com,https:viaggioplus.jp,https:plinth.uk.com,https:miraclesofa.com,https:spiderholster.com,https:lustauflicht.de,https:bestfunnystore.com,https:altastudios.shop,https:sofaclearanceoutlet.co.uk,https:quillingsuperstore.com,https:qualitycage.com,https:simplytoys.sg,https:modelbath.com,https:souvistudio.com,https:reyerstore.it,https:pisook.com,https:pastaoppa.com,https:fashiontiara.com,https:pacas.us,https:queenby.com,https:bhbindy.net,https:neerus.com,https:antonjewellery.com,https:luxstrength.com,https:animedecor.com,https:goldandblack.co,https:usagicontactlens.com,https:easydens.com,https:tartanapparel.com,https:comfi.co.nz,https:repelbullies.com,https:onlineshopicon.com,https:getit.qa,https:bnbebook.com,https:indiebandcoach.com,https:the-bunkhousemn.com,https:pepouze.fr,https:shop-minimalist.com.au,https:madeleine-thompson.com,https:elloras.in,https:saddlestitched.com,https:bitgem3d.com,https:thestruttstore.com,https:aanij.com,https:colourette.ph,https:faithglows.com,https:bartonflowerbar.com.au,https:alleu.net,https:montavue.com,https:sprperformance.com.au,https:zenzii.com,https:magicalbutter.ca,https:selfcarea.com,https:zandilandbeauty.com,https:shopzorinta.com,https:manduka.sg,https:hoyzee.ca
17,https:operation-glow.com,https:flowergirlsandco.com.au,https:skurbanwear.com,https:woolahtea.com,https:jerseyfc.net,https:caliwholesaleflowers.com,https:lifsyty.com,https:fluffsocialclub.com,https:opticalfactor.com,https:sparemomentcoffee.com,https:famous.nl,https:hair4men.de,https:toshonwelding.com,https:summacum.works,https:aminoporssi.fi,https:catwalkjunkie.com,https:alabastertrader.com,https:ballardbikini.com,https:photomoonlamp.com,https:beaufortlondon.com,https:silverplateandspoon.com,https:cakeparkcity.com,https:rawhidewesternwear.com.au,https:niftyhomeproducts.com,https:elaalife.com,https:msfurnishings.co.uk,https:expedition.press,https:auxiliummarketing.com.au,https:beautifullynourished.com,https:secretflairclub.com,https:therightdrop.com,https:adventure-emporium.com,https:heatholders.it,https:lachelndezahne.com,https:cellect.com.au,https:passionjewelryshop.com,https:shopskylarbelle.com,https:nadamodern.se,https:alivekart.com,https:ninjakitchen.shop,https:theplayemporium.com.au,https:aventyrsbutiken.se,https:crisperkits.ca,https:westernbotanicals.com,https:arieljewels.com,https:tummystyle.com,https:oliviaverona.com,https:culturalinteriors.com,https:bathenshop.com,https:meghvi.com,https:atelieryuchi.com,https:nilehair.com,https:theloocke.com,https:shopk2kidd.com,https:magicalmemoriescollection.com,https:seyked.com,https:239flies.com,https:petcorralhq.com,https:balanceofpower.com,https:yolkclubfit.com
18,https:fashiontiger.nl,https:lillianhome.com,https:wouddesign.com,https:blackcatcovencouture.com,https:edmatools.ca,https:ellenwardscarboroughantiques.com,https:hempsi.com,https:oskinmedspa.com,https:exoticmusicproduction.com,https:pinkcowfashions.com,https:seamanschepps.com,https:oskarandklaus.com,https:wearprowatch.com,https:m2clothing.com,https:everestvape.com.au,https:eastsidecollectables.com.au,https:piggybrella.com,https:miami-gadgets.com,https:notdeadyetapparel.com,https:begung-ho.co.uk,https:woolfit.de,https:thekitchenislandstore.com,https:241cosmetics.com,https:hippiehilldesigns.com,https:bikerclothingcompany.com,https:curioushands.com,https:fknthreads.com,https:mylittlesilver.com.au,https:monocarbontech.com,https:breakerone9.com,https:sugarycarousel.com,https:motune.de,https:gma-setzbeauty.com,https:gma-peachskinsheets.com,https:alexskeffington.com,https:vonsol.com,https:watchforeveryday.com,https:parkcityjewelers.com,https:wcs-worldwide.com,https:be-glam.be,https:agentsinstyle.com,https:urbanwear.shop,https:dailyfurzen.com,https:lamaisonmarseillaise.com,https:houseofor.com,https:justsurpriseme.com.au,https:thegenra.com,https:mastoor.co,https:lillian-e-designs.com,https:hiereendeal.nl,https:eyeweardesigns.com,https:artisansmokehouse.co.uk,https:wildflowerglitterco.com,https:shopsmoothblend.com,https:magicbandreaders.com,https:shop-msgm.com,https:berealdoughs.com,https:mylkman.com,https:graymountainclay.com,https:myballerine.com
19,https:modsele.com,https:rootlabpetfood.com,https:endorkeen.com,https:plantbarked.com,https:waq-online.com,https:valeswines.com.au,https:backpackbrew.com,https:corsetsnmore.com,https:jackcaddie.com,https:structur.ca,https:theknittinglounge.com,https:first-stripes.com,https:gymgate.jp,https:gkratnam.com,https:mokky.fi,https:arcadiaoutfitters.com,https:hotbuttered.com,https:timewasantiques.net,https:wearemindfulstore.com,https:abunaisupply.com,https:racin-grayson.com,https:jjmusicsales.com,https:barlowblue.com,https:racksugar.com,https:pharmacydepot.nz,https:justenoughwines.com,https:kindercapsule.com,https:shoprebelviolet.com,https:sparkypeach.com,https:www.mygyc.com.au,https:ituvana.com,https:gibbonsfans.com,https:brickstreetboutique.com,https:letsticktogether.com,https:allparts.uk.com,https:beoandbella.com,https:addictik.com,https:mforum.com,https:lureperfume.com,https:kopplamoto.com,https:lo10m.com,https:iquitalcohol.com.au,https:sunniescr.com,https:shopmodernlove.com,https:bloomcoshop.com,https:cottontwist.co.uk,https:homelydecor.us,https:cvafish.com,https:glowingtime.com,https:mimii.me,https:mallangmarket.com,https:kittesencula.org,https:gotestrapide.com,https:shopcherrie.com,https:magicmillusa.com,https:shoptunnelvision.com,https:publicmayhem.com.au,https:slateland.com,https:beagleandbasset.com,https:wonderbelly.com
20,https:fitberry.no,https:hangerinc.co.uk,https:vaporello.com,https:artizenoils.com,https:wearbank.jp,https:sastataaza.com,https:4eversupermarket.com,https:narjewellery.com,https:nutricare.co,https:mybeautisure.com,https:quickcandles.com,https:alsalley.com,https:mediasvijet.com,https:rainbow-pot.com,https:vicnic.com,https:axcessathletics.com,https:sunkissbaby.com,https:microbot.com.mx,https:6bygeebeauty.com,https:trycuriada.com,https:repurpus.ca,https:furniturecitygraphics.com,https:runegrammofon.com,https:astrofab.com,https:havetolove.com,https:siizu.com,https:a-zchem.co.za,https:afterhoursgifting.com.au,https:skeittikauppa.com,https:kitchencenter.pe,https:www.noymi.online,https:snapcarthk.com,https:petbricks.store,https:sweetsouthernswank.com,https:bozemanbeef.com,https:noobstore.com,https:boottique.com,https:naturalonabudget.com,https:newenglandmeatpacking.com,https:topshelfdog.com,https:wunschpiraten.de,https:foxontherunvintage.com,https:untwisttool.com,https:wildbynaturecbd.com,https:halio-sonic.com,https:energieastrologique.com,https:labelsluxury.com,https:elder-statesman.com,https:karizmashops.com,https:tuffsport.com,https:krisastyle.com,https:flightsinstilettos.com,https:enolan.com.au,https:acetiks.co,https:magicsleepsuit.com,https:sicilu.it,https:patchparlor.com,https:plantasadomicilio.mx,https:btechonline.com.au,https:rockinfootwear.com
21,https:wodthreads.com,https:iransheen.co.uk,https:c-clearantifog.com,https:activewearbyangel.com,https:hairjikoo.com,https:shopkanita.com,https:spreezie.com,https:siammandalay.com,https:ebuyuae.com,https:zannabeauty.com,https:mysticandcosmos.com,https:gutterprovac.com,https:fallrivergifts.com,https:realhockeylovers.com,https:justgeek.com,https:uvdisinfection.com,https:sam-nyc.com,https:mossimo.ph,https:bonanzalalumiere.com,https:laserchristmaslights.com,https:rivalhockey.co.uk,https:ericawilson.com,https:techframed.com,https:dropsize.store,https:readysetplaytoys.com,https:egsimrigs.co.za,https:ridetenet.com,https:kellshii.com,https:claudiomilanocouture.com,https:shopclovertoys.com,https:ordolife.com,https:angelskids.ae,https:tabiat.com.tr,https:arkitribe.com.au,https:shopvarialsworldwide.com,https:shedmi.com,https:fireflybuds.co,https:beautyofthehorn.com,https:resealablecellobags.com.au,https:womeninlinux.us,https:foodsummary.com,https:vesselbags.com,https:eshopifiz.com,https:bestygroup.com,https:wickedwinglings.com,https:moxyto.com,https:ilovemycoffee.com,https:portugueseflannel.com,https:nailhause.com,https:vacuumsunlimited.com,https:innovateretail.com,https:thecatholicgiftstore.com,https:simplebits.com,https:unitedmedicalmasks.com,https:maglite.com,https:smart-mop.co.uk,https:fifty5clothing.com,https:shopprettyandpetite.com,https:petsolutions.cl,https:vipperu.com
22,https:hgandadesigns.com,https:discmember.com,https:flpnstk.com,https:iroiro.store,https:equus-libris.com,https:ker-sun.com,https:brandcollection.co.uk,https:dhedral.com,https:vitapodworld.com,https:newhallwatches.co.uk,https:airplantcity.com,https:packsys.com,https:pingpongly.com,https:readygoshop.com,https:blueharborcompany.com,https:zoerowyn.com,https:childrensorganizers.com,https:ladeda.net,https:coddies.com,https:bendixens.com,https:lecharmecosmetics.com,https:peakyhat.com,https:ritzy.store,https:luvmewig.com,https:greatfashion.site,https:artfour-shop.com,https:leppardvault.com,https:geoknotic.com,https:sedonamoonjewelry.com,https:fabulousdoll.com,https:tydlos.com,https:best-store1.com,https:maisonlafrena.com,https:incense-soul.com,https:dstradingcards.com,https:silvertoneguitar.com,https:eigshop.com,https:hr-liquors.com,https:tiefactory.com,https:beehivecheese.com,https:yumiva.de,https:theelizabethcollection.com.au,https:mrfineapple.com,https:stampdesign4u.co.uk,https:clinicaleciel.cl,https:musicerowarehouse.com,https:chubbybubbybear.com,https:lance210.com,https:carbidenow.com,https:arabiamoss.com,https:vigros.cc,https:salonca.com,https:bioseaweedgel.ca,https:oliviabeautyshop.com,https:magnetpal.com,https:sorrymombologna.it,https:vintagewines.biz,https:indulgencespaandbody.com,https:heauxxxapparel.com,https:smile-aisle.com
23,https:mynightscape.com,https:discount-healthfoods.com,https:finestwallart.com,https:fitletix.com,https:otbmarine.com.au,https:mindalt.co,https:clutchmerch.com,https:allaboutkombucha.ie,https:blueangelshearing.com,https:meninastep.com,https:madejacksonhole.com,https:sarak.cl,https:meeprecords.com,https:hairconquersall.com,https:courtgirl.com,https:urban-bag.fr,https:420official.com,https:bestbronze.com,https:belaireave.com,https:dede.eco,https:eternitycoffeeroasters.com,https:marzbrewingshop.com,https:theevergreenshop.com,https:modishtone.com,https:avonabase.com,https:rebuiltfromhope.com,https:lunazen.ca,https:boniik.com,https:simplesnap.com,https:lentiapois.it,https:sacredspacemiami.com,https:jmtstore.com,https:blessed.shopping,https:easymix-shop.ch,https:kcmtku.id,https:zingflowers.com,https:simply-kids.net,https:giftshopglobal.com,https:slushpopdeals.com,https:jumpflex.com.au,https:gibbsfishing.com,https:aromabottles.com.au,https:mericonindustries.com,https:waddlewalkerz.com,https:mergerra.se,https:effectclothing.com,https:semdevi.com,https:playerten.com,https:sonhodelar.com.br,https:jessiesbabyboutique.com.au,https:azurathelabel.com,https:black24seven.com,https:shootnatural.com,https:factorykahne.com,https:magnus-luxury.com,https:spadaroma.com,https:painreliefdevices.ca,https:phat55.com,https:waenglass.com,https:thelei.co
24,https:medtechgroup.ca,https:discount-merchant.com,https:skincaremood.com,https:pensionesmexico.org,https:eastofedenleathers.com,https:airistechshop.com,https:keldon-johnson.com,https:bauerfeind.ae,https:nakheel.com.au,https:getgripped.co.uk,https:cleaningequipmentdirect.com,https:thingsincommon.com,https:dushi.website,https:nogrow.co.za,https:crusoeandsons.com,https:cozelinen.com,https:theblackangels.com,https:liaisonlabel.com,https:bensonandclegg.com,https:shop3d.ca,https:fntshop.com,https:riise.world,https:ricoh-imaging.pl,https:shopkatinas.com,https:hawkinsandbrimble.com,https:duschena.de,https:lostabstract.com,https:animewise.com,https:bulle.shoes,https:scandaloussoap.com,https:foundonferry.com.au,https:jeromebaker.com,https:greatdealfurniture.com,https:qiewascooter.com,https:tannerspecan.com,https:mowaan.com,https:bellysleep.com,https:carterclyde.com,https:requisitestore.co,https:edisonfuture.com,https:hamiltonmotors.com,https:aromacare.com.au,https:80sfeeling.com,https:bacteo.com,https:merino.tech,https:ivan-yee.com,https:irhandtools.com,https:lafayeebeauty.com,https:swoopisfun.com,https:amethystandgarnet.com,https:saltandsodadesign.com.au,https:bestwalkshoes.co,https:blushandlumber.com,https:rondaleyscooters.co.uk,https:mahoganymommies.com,https:spianatoiacciaio.it,https:kjbcouture.com,https:flourishingtodayshop.com,https:ww-uncharted.com,https:racedawgrc.com
25,https:kronaby.us,https:discountcreditcardsupply.com,https:swirlyworld.com,https:606records.com,https:thehijabstore.com,https:sopranohandbags.com,https:urbanofertas.com,https:mpmagicsocks.com,https:twogunsespresso.com,https:worldofbirdhouses.com,https:shop-folk.com,https:amorium.com,https:remuze.com,https:kboshfood.com,https:fiordilatte.se,https:rededgerecords.com.au,https:mackennathaler.com,https:snakebiteco.com,https:baobabeyewear.com,https:burntbroscoffee.com,https:fibersteel.com,https:pediliciousfootwear.com,https:septfourindustrialsupply.com,https:pluggr.net,https:kuukivi.de,https:gallagherelectricfencing.com,https:erikschimek.com,https:southerntrendsboutique.com,https:seedlingandco.com,https:saltysea.co.nz,https:homegiftsgarden.com,https:martoffes.com,https:solitaire-london.com,https:kultstore.online,https:thedogmomproject.com,https:freshweed.cz,https:ed-digital.com,https:divinanatalia.com,https:doodle.ac,https:laycy.com,https:shoonyaakar.com,https:frenchcargo.com.au,https:lift-innovations.ca,https:gameroomforpresident.com,https:metavaya.com,https:cpapsetc.com,https:hairliciously.com,https:adamina.es,https:coffeebeanshop.co.uk,https:dudesgourmet.com,https:asligoncer.com,https:nightvisionexperts.com,https:allthingssoap.com,https:stakich.com,https:www.mahoneysgamingemporium.com,https:sportsworld165.com,https:skylinebeautysupply.com,https:godsgirl.com.co,https:bravetiktok.com,https:jetboatpilot.com
26,https:piano.com.au,https:wowstores.in,https:petitsbijouxto.com,https:posieflowers.com,https:smartparkingapps.com,https:numismall.com,https:basicality.com,https:paloliworld.com,https:10plustoys.com,https:8truckparts.com,https:alwaystoast.com,https:lovedollpalace.com,https:gymluxe.com,https:mystretchme.com,https:furniturelandohio.com,https:ciovita.co.za,https:ultrastore.store,https:casadocodigo.com.br,https:steenshoney.com,https:doricsengeri.com,https:milkandteashop.com,https:shoptenthirty.com,https:nmnbio.co.uk,https:automotivetechsolutions.com,https:iloome.com,https:roundins.com,https:danicastudio.com,https:angelaromatics.com.au,https:crimwearco.com,https:pattyspresets.com,https:boutique-must.ca,https:finnhomy.com,https:revhq.com,https:babingtonsoap.com,https:knetae.de,https:onetouchpresets.com,https:ajshoppingmart.com,https:athenagames.com,https:luxxe-auto.com,https:diamond-beauty.ca,https:beauregardbrasseriedistillerie.com,https:hakunawear.com,https:unityindiversity.ca,https:samwilsonstudio.com,https:bhold.co,https:dominascloset.com,https:warchiefgaminggear.com,https:shopicoala.com,https:tutudumonde.com,https:rowdycrowdclothing.com,https:thecyclinghut.com,https:modestobertotto.com,https:theseasonedgourmet.com,https:zobagay9.com,https:mahzedahrbakery.com,https:storkbaby.co.uk,https:thefreeyoga.com,https:togoretail.ie,https:motorcitybarrels.com,https:stushbeautique.com
27,https:usa-wholesale.com,https:discountgolfworld.com,https:wideshoes.co.uk,https:artisanglam.com,https:anatome.co,https:augustblush.com,https:sportsyours.com,https:aikichi-kurumi.jp,https:despetitshauts.com,https:imisiki.com,https:dreamshopzilla.com,https:antelopeshoes.com,https:botanixcloutier.ca,https:thenakedbutcher.com.au,https:inyourfaceskincare.com,https:watermeloncreekvineyard.com,https:patronavenue.com,https:everycloudonlineshop.com,https:teajourneys.com.au,https:bumblecrew.com,https:espritparadise.com,https:areti.jp,https:pawbunk.com,https:thebluedandelion.co.uk,https:lilithviper.com,https:theplatemate.com,https:www.morethanmusic.jp,https:restore-products.co.uk,https:flowermoonbykittoune.com,https:superfabshop.com,https:elanofeulalia.com,https:viptieshop.com,https:fairfindshomedecor.com,https:euphoriczen.com,https:beermats.com,https:dodobaror.com,https:sn3sdn.com,https:greenavakado.com,https:mmglitter.com,https:bearnana.com,https:xeniaboutique.com.au,https:infiniteluna.com,https:banksiagiftsaustralia.com.au,https:rocknsportstore.com,https:julyfashion.my,https:inuinu.com,https:earthboundmartian.com,https:morslumen.com,https:denneheydesign.com,https:christmasshack.com.au,https:hanamaru-sealer.com,https:northstartradingco.ca,https:seymayka.com,https:ecargolf.com.au,https:maineventemblems.com,https:studiosupernova.it,https:getlaud.com,https:brettkernart.com,https:monkeyceremony.com,https:americaremedicalsupply.com
28,https:terrahealthcoaching.com,https:justthetapbjj.com,https:thehairjunkiez.com,https:arena.store,https:artdisco.co.uk,https:trittech-us.com,https:wild-berry.com,https:spokeanddaggerco.com,https:malibubronze.co,https:myhomefurniture.co.uk,https:alphakeri.com.au,https:humperbumper.com,https:encoresoftware.com,https:jaedesconto.com.br,https:laralaserworks.com,https:mineralrare.com,https:mdhoney.com.au,https:k-beauty.co.uk,https:officeappeal.com,https:timeconnectioninc.com,https:hotpinkhaberdashery.com,https:phenomenalmedia.com,https:dedicatedoutfitters.com,https:rizwanbeygdesign.com,https:kromp-mahndorf.de,https:printerbazaar.com,https:flamekeepershatclub.com,https:shopicepalace.com,https:perfectfitprotein.com,https:mallorypaint.com,https:nouvelleapparel.com,https:solar-support.com,https:mybouddha.com,https:freshfresheners.com,https:lashjungle.com,https:solvadermstore.com,https:hillbillybrand.com,https:www.adelyn.com,https:pbexpressliquor.com,https:justbathroomware.com.au,https:jhs-shop.com,https:motivape.co.uk,https:thegolferspick.com,https:spyderoffroad.com,https:dexteritybrand.com.au,https:licorexpressec.com,https:koshli.com,https:feinkost-kaisen.de,https:vitchelostore.com,https:shopmarysol.com,https:manmadeart.ca,https:sph2onge.co.uk,https:sagaclothing.com,https:telbest.com,https:maisonlouismarie.com,https:tantarainwear.com,https:andobjects.com,https:sittogether.com,https:unoruben.com,https:diveblast.com
29,https:wildflowerlibertyleague.com,https:dishahot.com,https:custhum.com,https:redmoonherbs.com,https:pinter.co.uk,https:emsgiftboxes.com,https:ewss.org,https:insider.clothing,https:oombrand.fr,https:thelittlecatholicbox.com,https:brunsh7.com,https:hardinsnaturalfoods.com,https:facialand.com,https:stuffgracemade.com,https:liveaquaponics.com,https:mycleo.com,https:gallelis.com,https:ecofiltro.mx,https:montroi.com,https:daraschuman.com,https:traditioncoffeeroasters.com,https:49winchester.shop,https:focovida.com,https:klassykreationsshoppe.com,https:thelovebracelet.org,https:atcmask.com,https:theminiphone.com,https:marzipops.com,https:vibranthoney.com,https:koolzia.com,https:karelakids.com,https:workizeshop.com,https:lovewine.je,https:makeatoon.com,https:bubishluxe.us,https:cosmolon.com,https:steavostore.com,https:coverlab.com,https:jorik.com,https:gorillabow.co.uk,https:myswipescrubber.com,https:janetanteparadesigns.com,https:savoryfinefoods.com,https:one-products.com.au,https:mielemoda.com,https:yummysport.com,https:bigskyrent.com,https:gkicon.com,https:milkandhoneybrowbar.ca,https:thejawsofvictory.com,https:lavinialuxury.com,https:paintvine.co.nz,https:silkoh.com,https:aracky.com,https:maissabor.pt,https:tbike.it,https:positivehate.com,https:lockedlife.co.uk,https:dystopianstreetwear.com,https:portalofertas.es
30,https:quickwhip.com.au,https:mxautoaccessories.com,https:hugotea.com,https:orangemonkie.com,https:lacedupshoetique.com,https:shopsades.com,https:luxoboutique.com,https:fullbody.co.nz,https:holysouq.com,https:hellopapercat.com,https:mabroukimports.com,https:zooqit.com,https:mypure.co,https:clapstore.co.in,https:loopstash.com,https:jovanadjuric.com,https:lesetta.com,https:shoplezala.com,https:uniquegiftservice.com,https:shopcolorehome.com,https:naturesembracelatex.com,https:oxygennutrition.com,https:38paw.com,https:ontheroadagainbags.com,https:trend55.com,https:tusc.co,https:altitudeit.com,https:karainvitations.com,https:tradeuno.com,https:glowstyling.com.au,https:ovrd.net,https:ecommsolutionsgroup.com,https:voodoo-decals.com,https:vibahardware.com,https:beyouchair.com,https:piscineplus.fr,https:the-best-kitchen.com,https:grabpopularstore.com,https:visiosound.co.uk,https:drdriftco.com,https:fitcamx.com,https:crowneplazamanila.com,https:sydneycityaquarium.com,https:fanshoptoday.com,https:valtraonline.com,https:toat.com,https:10minutetee.com,https:maniko-nails.com,https:ruckusapparel.com,https:meowdefense.com,https:mojo.coffee,https:coozzyshop.com,https:remysleep.co.uk,https:nyaara.com,https:major-lutie.com,https:thebuddyskin.com,https:aresnutritionnj.com,https:justalluring.com,https:bikehouse.pe,https:thefifthveda.com
31,https:matadorwholesale.com,https:mirrormagicstore.com,https:petcanva.com,https:huskycoffeecompany.com,https:mineperfumelab.com,https:normalyte.com,https:pleasure-spot.com.au,https:yagoshy.com,https:recliners.la,https:biwitishop.com,https:vela.life,https:medprosg.com,https:shopifycustom.com,https:suspensiondealer.com.au,https:nordictentshop.se,https:thatholife.com,https:postermemorabilia.com,https:artovision3d.com,https:inreverse.com,https:andeelew.com,https:zugrau.com,https:goldenconcept.com.br,https:totalitresource.com,https:mellowrooster.com,https:ecocollective.com,https:zeroskin.co.uk,https:mountaingems.com,https:milfisland.com,https:offresenligne.fr,https:yodhamatcha.com,https:ashdownmusic.com,https:thegownhouse.com.au,https:baraguz.com,https:myinnotech.com,https:buzzshop.in,https:skymonster.com,https:everlitsurvival.com,https:kladechildren.com,https:blinkingbeaute.com,https:burchandpurchese.com,https:scentuals.ca,https:doormatly.com,https:orzgk.com,https:westernused.com,https:shopped.com,https:renndecals.com,https:minimafy.com,https:carefone.in,https:gozest.co,https:shopessencenow.com,https:instawireless.com,https:fearneandrosie.co.uk,https:babyboyjoy.com,https:lowlightsstudios.com,https:majorapplianceoutlet.com,https:thehundreds.uk,https:coconutvaping.com,https:appollostore.com,https:algaming.com,https:oppealo.com
32,https:angiestewartfitness.com,https:displays4sale.com,https:torkmotorsports.net,https:magpietextileco.com,https:legionoffellas.com,https:thegreenbee.co.za,https:shopmasongrace.com,https:alamodeboutique.com.au,https:prettysee.com,https:saltandolive.com,https:badaisinternational.com,https:flowerdeliverynyc.com,https:purseanality.com,https:philipnormal.shop,https:preppbox.se,https:s3artstore.com,https:watchguynyc.com,https:renovation-francaise.com,https:bestgiftsandgadgets.com,https:stitchesfromthebush.com.au,https:coviddetect.ca,https:dirty3dmagic.com,https:thein2itstore.com,https:electricmotorexperts.com,https:popoutaccessories.com,https:lamparaya.com.mx,https:badgepig.co.uk,https:artwithenergy.com.au,https:arthouseclasses.com,https:ninajanvier.com,https:dhfonline.com,https:savemorepups.com,https:der-americanstore.de,https:thephotomug.com,https:kivari.com,https:rhinestonegal.com,https:qpfc.com.au,https:graceloveslace.com.au,https:popit.shop,https:silverjewelrygarden.com,https:roewellness.com,https:sunnkingsales.com,https:essentiallyeco.com.au,https:skinbyolga.ie,https:hatchkingdom.com,https:fmpaccessories.com,https:noovi.co,https:massa.mx,https:risebotanicals.com,https:scissortaildiscgolf.com,https:theurbancarts.com,https:martinjade.com,https:charme.mx,https:lyxpro.com,https:majorminis.com.au,https:theoriginalsanitizer.com,https:lavendersbakeshop.com,https:takataracingstore.com,https:joyotea.com,https:mtcstore.com
33,https:jacktheunicorn.com,https:spunkysparrowboutique.com,https:cogamer.com,https:teslagadgets.de,https:sprinkleandsparkle.store,https:daisiez.com,https:tnbnaturals.com,https:glambymajha.com,https:nipagandhi.com,https:any7goods.com,https:studioproper.com.au,https:somni.co.nz,https:bbqcreations.com.au,https:twincollectibles.com,https:seasucker.eu,https:thelumicharge.com,https:mon-eshop.com,https:atelieryarns.com,https:prometh.com,https:marei1998.com,https:qataritems.com,https:pikol.co.uk,https:kawaii-mania.com,https:ayostudios.com,https:shoppflmma.com,https:otollo.co.uk,https:bubbygump.com.au,https:kebo.store,https:selfmadeprogram.com,https:annarborrunningcompany.com,https:specsbylux.com,https:renatoperes.com.br,https:revival-retro.com,https:afterspa.com.mx,https:mykosherwines.com.au,https:bydondoca.com.br,https:weareomazing.com,https:themultifacetedmama.co,https:kusiakleather.com,https:justplywood.com.au,https:nationwiderun.org,https:coolblock.io,https:eclipsefurniture.com.au,https:venetianplasternz.com,https:mizensir.com,https:hackerlily.com,https:grandinspire.com,https:hairocracy.com,https:steamstudiotoys.com.au,https:mysleekspace.com,https:thecannifamily.co.uk,https:shoeteria.com,https:menfashion.com,https:elleecoutureboutique.com,https:malliny.com,https:theprolaxstore.com,https:aalgo.com,https:buymaac10.com,https:rematesmxmuebles.com.mx,https:johnmichaelsjewelry.com
34,https:multilevelmerch.shop,https:dissim.com,https:primal.com.pk,https:canhijos.com,https:gadgetscrapbook.com,https:gscollectibles.co.uk,https:kuvings.jp,https:matchy2u.com,https:flowerandspice.com,https:nouinoui.com,https:electronicsplanetyyc.com,https:eloquentwatches.com,https:reemscloset.com,https:dearlashlove.com,https:shockfarm.com,https:afecontrol.com,https:ivodiahome.com,https:pepollishop.com,https:properpasture.com,https:berylclassic.com,https:ozlifestylebrands.com,https:pinkcosmeticscompany.com,https:jettblack.com.au,https:mychristmas.com.au,https:bluebrand.mx,https:flavorstudio.co,https:lotusozone.com,https:dash-water.com,https:zooxae.com,https:tuckergott.com,https:armcosmeticsrx.com,https:amoandcoa.co,https:saganom.com,https:ksheschtuff.com,https:buyerblueshop.com,https:tiradecycling.com,https:plupyfly.com,https:simplyklutch.com,https:allee-lcdfix.com,https:justsport.com.au,https:mybedroomguide.com,https:swaggboutique.com,https:ektasolankilondon.com,https:medilexicon.in,https:uknifemakersupplies.co.uk,https:tsujiri.ca,https:shop-therackboutique.com,https:booe.com,https:emnotek.com,https:rustandsalt.com,https:diftech.com,https:leromero.com,https:noscento.com,https:premiergel.com,https:mandisattictoys.com,https:thickenups.com,https:brightlea.com,https:keexundies.com,https:withbling.com,https:rautht.com
35,https:mundotecno.site,https:fitnessgearusa.com,https:blisslivingathome.com.au,https:soleilmannion.ca,https:teleshopero.com,https:fadeless.dk,https:elensa.com,https:knottyknickers.co.uk,https:bandofozstore.com,https:oolongteacollective.com,https:theatlasbrand.com,https:thegadgetslord.com,https:dazzydingo.com,https:thegracepk.com,https:thevedicstore.com,https:easyrental.com,https:spottedgecko.ca,https:bettersave.in,https:myocean.com,https:fosterblack.com.au,https:urbancottageindustries.com,https:piperandscoot.com,https:matanaorganics.com,https:sensorymoon.com,https:heinz57.com,https:shinemattress.co.nz,https:bradtroemel.com,https:thehelmclothing.com,https:industrie8.com.au,https:tonyandmei.com,https:imacwheel.com,https:odilegadgets.com,https:sweetbelmar.com,https:topnotchalpha.com,https:epg.in,https:thewomenstore.com,https:bestdressedtot.com,https:perfektbeauty.com,https:floratrader.com,https:saffpower.com,https:snowwhitetech.com,https:goldenbillow.com.au,https:homeylab.com,https:limitlessbeautynyou.com,https:ghostfirestore.com,https:topshelffun.com,https:deckoutgaming.ca,https:premiumkellad.ee,https:coastallandscape.com.au,https:bluepennyhandmade.com,https:moringa-life.co.za,https:contempolinens.com,https:tierlifeinc.com,https:lexandlennon.ca,https:manhattangrey.com,https:ticomunicoapp.com,https:greatdeals.at,https:batteryheads.com,https:mixmangastore.com,https:kiententienda.com
36,https:mitrasbathandbody.com,https:distrijo.com,https:vitaman.com.au,https:lunacha.com,https:saucebeauty.com,https:zigzaggoods.com,https:paparazzikids.ca,https:brandedoriginals.com,https:moorevintage.com,https:fletchbrand.com,https:kryzeus.com,https:infuzehydration.com,https:gelnails.co,https:lioridiamonds.com,https:trendkedjan.se,https:supremedetailsupply.com,https:reneerouleau.com,https:poppi.in,https:lfcfanshirt.dk,https:baghunter.com,https:thehairazor.com,https:piperlillies.com,https:lakesuperiorartglass.com,https:harmoniany.com,https:smallceramics.com,https:holybeardz.com,https:ketchbeauty.com,https:batterywholesale.com,https:luxurylivingforall.com,https:thesareeroom.com,https:luminouseshop.com,https:kylekuzma.com,https:skaliafashion.com,https:joinsurf.shop,https:carsenclamp.com,https:eiremx.com,https:roseyandvittori.com,https:budgetgases.com,https:lowcalsuperstore.com.au,https:justwatersolutions.com,https:aesthetehome.com.au,https:buildsmartrenovation.com,https:josephstores.com,https:distributeurs-rentables.fr,https:unknownbikes.eu,https:piraterepublicbahamas.com,https:shopwearmepro.com,https:integratedsupplements.com,https:knifebox.com,https:txvmart.com,https:wndrmade.com,https:rangsutra.com,https:namenskette.de,https:fancydress.com,https:manhattantoy.com,https:tiemmeecommerce.com,https:originalbully.com,https:exclusividadespremiumbrasil.com,https:avalonrosedesign.net,https:sondorsx.com
37,https:lyonietreasures.com,https:krautberger.de,https:kencook.com.au,https:mikeylikesiticecream.com,https:ashtok.com,https:celestialbodiezz.com,https:golfstorepro.co.uk,https:worldeccentricitycharm.com,https:hausofjewelry.com,https:6666gritandglory.com,https:bellanottestocking.com,https:yangoods.com,https:laurissi.com,https:justsurprise.in,https:tribesigns.com,https:msquare.clothing,https:waltonsjewelry.com,https:onefinedaybridalmarket.com,https:wyldmeadowsboutique.com,https:buymutcoins.com,https:truemoneysavershop.com,https:otiumberg.com,https:dcshoes.com.ph,https:thelabeliquids.com,https:dbcingredients.com,https:ulpress.org,https:turnandbake.com,https:isp-proshop.de,https:pawprosper.com,https:reviveonline.co.uk,https:ozonegaming.com,https:amaramattress.com,https:vitalprojectors.com,https:thevelvetbow.gr,https:papery.art,https:moollafurniture.co.za,https:ateliermake.com,https:thegoodfancy.com,https:menslifestyledaily.com,https:rahajewelry.com,https:tvoutlet.ca,https:qhoodies.com,https:icedsummer.co,https:officialstarcrystal7boutique.com,https:moderntrendystore.com,https:www.highdefinitiondetail.co.uk,https:yardsstore.com,https:blacksaints-footwear.com,https:menagerieintimates.com,https:btcycollections.com,https:bulowstand.com,https:loveislame.com,https:sunnybunnyswimla.com,https:enopolydistribution.com,https:manifestodesignstore.com,https:tilswall.com,https:houseplantparadise.com,https:mightylancergames.co.uk,https:rocksteadycoffee.com,https:antique-marcbea.com
38,https:visagecollective.com,https:divabby.com,https:bodyverde.com,https:kidquill.com,https:hotshapers.com,https:chezshibata365.com,https:overstockwake.com,https:igemelements.com,https:hfnf.la,https:kattvannen.se,https:whimsodoodle.com,https:primocomfort.com,https:troisvoeux.com.au,https:bomd.com.au,https:trishmcevoy.com,https:kiraku-dl.com,https:balisoo.com,https:drinkupruit.com,https:kyboot.co.il,https:ajuma.eu,https:frankabouttea.com,https:ficegallery.com,https:264shoes.com,https:healthbloom.es,https:liquidatorguys.com,https:maravelo.dk,https:masonbottle.com,https:belleregime.com,https:onestopdinoshop.com,https:mystech.net,https:thekingkohn.com,https:someicoolthings.com,https:mpdmobileparts.com,https:kalidresses.com,https:diamondfashionboutique.com,https:babyshelfeg.com,https:hitplay.in,https:shopmimikojewels.ca,https:rashha.co,https:onlyswimwear.ca,https:joekels.co.za,https:morrocoybrand.com,https:georgiegswim.com,https:codevitesse.com,https:damarotechsolutions.com,https:cultivateboutique.com,https:wardaskincare.com,https:ballistic-sport.com,https:jillplatner.com,https:hairbeauty.pk,https:bootsorvino.com,https:heidisongs.com,https:quillproductions.co.uk,https:gtsclothing.com,https:manifestyourpurpose.co,https:trupureorganic.com,https:filterbaby.com,https:forpeatssake.co.uk,https:getkuna.com,https:gadgetninja.org
39,https:tramdieumartinez.com,https:challengeandfun.com,https:myluxebox.ca,https:grindhardammo.com,https:peachysunday.com,https:mrsfields.com.au,https:brynsanders.com,https:guirlande-lumineuse.com,https:luxurasciences.com,https:wood-baby.com,https:kangacare.com,https:jncbakery.com,https:aocoolers.com,https:getpolygons.com,https:vinacrystals.com,https:latanadellelfo.it,https:premierwindowfashions.com,https:deanslistnotes.com,https:ramrajcotton.in,https:sayanythingdesign.com,https:treasureslab.com,https:plantdaddiesatl.com,https:hairandme.com.au,https:villaoutdoors.com,https:pwnieexpres.com,https:nestmystic.com,https:flexchamps.com,https:gobambu.co.uk,https:absupplyatl.com,https:forevershe.com,https:hirevsports.com,https:printandsave.net,https:alohadogco.com,https:sitacouture.com,https:booksanddocs.com,https:hostandhome.com,https:shopcurious.com,https:giftthis.com.au,https:baabuk.com,https:padaukdenim.com,https:heimeiche.de,https:wavesgear.com,https:moonlightpluse.com,https:lakiantistore.com,https:joliexnoire.com,https:fixsonic.com,https:goldburs.com,https:calmandbalm.com,https:farmaciasnatal.com.ar,https:shopkateandlua.com,https:curvy.com.au,https:paperandriceco.com,https:iconicbarbersupply.com,https:idm-dispenser.com,https:maniology.com,https:universalyarn.com,https:lucacee.com,https:jewelrybyjendbq.com,https:afterhoursstudio.com.hk,https:ckie.com
40,https:3angni.com,https:diycarbonbikes.com,https:aspire-hair.co.uk,https:ardenteal.com,https:tacandmac.com,https:skoutbackcountry.com,https:elizabethkays.shop,https:mountainsportsoutlet.com,https:kateywalker.com,https:flourpatisserie.co.uk,https:nerdarena.in,https:solarmtp.com,https:stamptastic.co.uk,https:moviever.com,https:wonderfoldwagon.com,https:missingsincethursday.com,https:onfieldmexico.com,https:colakicks.com,https:whitefeather.shop,https:jmillertattoo.com,https:bond07.com,https:mama-shirt.com,https:zimcooptics.com,https:pwrbioheat.net,https:coconlilly.com,https:boundarybrewing.coop,https:wearme.com.ua,https:graceandgritbtq.com,https:jimmysjewelers.com,https:blissbandits.com,https:lindseystirlingmerch.com,https:karmannwatches.de,https:purooz.ca,https:nashvilleearlybronco.com,https:jrsphoto.co.uk,https:lulamaiz.com,https:balloonprint.com,https:rollasole.com,https:swaggsplash.com,https:batonvapor.com,https:pilleveroneboutique.com,https:squaretradegoodsco.com,https:swaudeez-clothing.com,https:blonyx.co.uk,https:wadeauto.com,https:betnercomms.net,https:smart-watchs.in,https:zoomerlenses.com,https:mediamarketing.com.br,https:boostcollab.com,https:brownleafcosmetics.com,https:thestencilsmith.com,https:theteapotonwheels.com,https:janedeal.com,https:manoplus.com,https:uproar.art,https:boyeknives.com,https:lemmelkaffe.com,https:glvss.com,https:shegone-golf.com
41,https:gretzkyhockeyschool.com,https:dizzy-lizzie.com,https:eula.de,https:zhitea.com,https:dhscienceshop.com,https:arnashop.in,https:bridalstylesboutique.com,https:mayabellejewelry.com,https:shinzoskateandstreet.com,https:meismith.com,https:bambooshoodies.com,https:frumble.co.uk,https:giolatessuti.it,https:vsatl.com,https:finwatchstraps-se.com,https:smartkit.co.za,https:suppkingz.com,https:asahivalves.com,https:prosperpantry.com,https:candydistrict.com,https:handcalm.co,https:popartyou.com,https:kitschkrieg.de,https:norsat.com,https:axignfootwear.com,https:vervecoffeeroasters.com,https:spanishdudestore.com,https:homekitchenfactory.com,https:hausoftopper.com,https:cafecusa.com,https:jm-jagt.dk,https:craigweissgrp.com,https:supermixstore.com,https:darkestfox.com,https:commaxx.nl,https:rmjeweler.com,https:mavilys.com,https:onlyskin.com,https:mymutthut.com,https:bicycleline.co.za,https:shossaini.com,https:morganannie.com.au,https:thesignpost.com,https:sundaycrew.us,https:maidstomeasure.com,https:absolute321.com,https:chaicloset.com,https:estilhome.com.au,https:kidcado.com,https:naturalcurlsclub.com,https:eliebeaumont.com,https:mixtbag.com,https:michelangelokitchen.com,https:yuen2.com,https:mantra.com.pk,https:usbkill.com,https:drinkrecover.com,https:margiefranzini.com,https:infinitylinksnow.com,https:xenonservicesllc.com
42,https:yourhappydeal.com,https:dj-ebikes.com,https:rituelbox.com,https:goifetch.com,https:taracandles.com,https:tablebasedepot.com,https:hbcuprepschool.com,https:jindofu.com,https:grandcollectionco.com,https:freecitygames.com,https:avacuumstore.com,https:tomeck.de,https:babylotta-shop.de,https:monstercpap.ca,https:humblegroup.shop,https:colorsforslime.com,https:umitbenan.com,https:blushgals.com,https:angelcarry.com,https:greenerfaux.com,https:mazzprints.com.au,https:pukingemoji.com,https:littlepowergroup.com,https:loewenzahnorganics.com,https:lipoutcosmetics.com,https:www.teddify.de,https:ajanaturals.com,https:dockwell.com,https:themagicalblanket.com,https:saotchad.com,https:carryfiber.com,https:clothesforcomfort.com,https:oolabooshop.com,https:brutelures.com,https:portobello.no,https:thebedstore.co.za,https:loveliesbyloeloe.com,https:synergyhealthlive.com,https:elizabethkarlsonart.com,https:mobilityequipmentforless.com,https:caterpy.us,https:myutrx.com,https:kbeautycanada.com,https:bibs.com.tw,https:shopembolden.com,https:rivostudio.com,https:westcorkbeardcompany.ie,https:missvanda.sg,https:jillshomestead.com,https:geturth.com,https:shoptankaustralia.com,https:cowbells.com,https:damisariwana.com,https:tirelli.com.au,https:mapletapper.com,https:valentinario.com,https:colineal.pe,https:glokal.sg,https:torayachain-net.jp,https:stop-a-virus.com
43,https:angryshibas.com,https:colosseinglasses.com,https:aestallion.com,https:bilkband.co.uk,https:shikioriori-store.com,https:yolooka.com,https:poshgalleria.com,https:70knots.com,https:kassirco.com,https:turkeyminermarket.com,https:cbdespania.com,https:zigguratproducts.com,https:spin-em.com,https:opticalsonline.com,https:polymega.com,https:poshmiaonline.com,https:surfwyoming.com,https:nourishyou.in,https:bigbanana.cz,https:minddbra.com,https:trec.co.uk,https:postflybox.com,https:fanabox.com,https:famouswhiskeyglasses.com,https:cryptoloot.shop,https:emklenterprise.com,https:borgesandscott.com,https:milkandginger.co.nz,https:customcolorsapparel.com,https:sophieetvoila.com,https:adashofcasual.com,https:windowflakes.com,https:mynaturesharvest.com.au,https:lulafox.life,https:hairnetwork.co.za,https:kstun.com,https:www.spikes-spiders.com,https:edisonlane.com.au,https:projectnuma.co,https:akidigi.com,https:umitonekoto.com,https:bayskin.co,https:phoenixfitness.ca,https:heatwaves.com.au,https:thepolymathmom.com,https:goldlaedeli.ch,https:webbazar.com.br,https:mimipack.us,https:50daysgymless.com,https:branchline.com.au,https:eatsweetnothings.com,https:schaffen.com.au,https:indiepubs.com,https:vibesy.se,https:marcfisherfootwear.com,https:vapormo.com,https:ltdfundraising.com,https:odunarts.com,https:painabrand.com,https:snapstool.com
44,https:isnessmarket.com,https:dkdesignheadwear.com,https:folkslikethem.com,https:inovasolucoesfinanceiras.com,https:oldschoolphotolab.com,https:meeyogi.com,https:wildernessshop.com.au,https:acvgummi.com,https:jeremykoreskigallery.com,https:infinitrings.com,https:8stmakers.com,https:8thereal.com,https:besafe1st.com,https:betterworldhatsusa.com,https:reunionhome.se,https:kiddus.com,https:shoppingguruz.com,https:zaruci.com,https:top-nice.com,https:outpetfits.com,https:theelectionhq.com,https:prettystraps.com,https:buyinspirato.com,https:parklonamerica.com,https:scootcanada.com,https:globaldentalshop.com,https:maxmagnusshop.store,https:omni.earth,https:grovecookiecompany.com,https:jchvapes.co.nz,https:miracolofashion.com,https:theraaspret.com,https:ilovemandalas.com,https:theamericanfurniture.com,https:died.rich,https:makemydayproducts.com,https:earlycal.com,https:houseofpaw.com,https:vuoriclothing.co.uk,https:sayanythingjewelry.com,https:cooksight.com,https:bien-fait-paris.com,https:tarlwarwick.net,https:urevolution.com,https:multibella.de,https:humanhome.co,https:rebndshop.com,https:primeglitter.com,https:jandijewelry.com,https:fragrancesbynr.com,https:minimashop.it,https:fluenttrends.com,https:wie-blumen.de,https:vinmoulds.com,https:marcusfishtanks.com,https:vivaiovalpescaragarden-shop.com,https:plant-watering.shop,https:timthesignman.com.au,https:haneyuniversity.com,https:agoodstore.co.nz
45,https:zedhouses.com,https:tobemykids.com,https:odiesshopp.com,https:wizclipz.com,https:hivecaps.com,https:lizsshop.com,https:wondergears.net,https:sandstoneavenue.com,https:curlylady.com,https:lucktok.com,https:war-lok.com,https:beckland.de,https:vapejavas.com,https:hkhighkicks.com,https:heedegarn.dk,https:bridalrus.com,https:waterbirthsolutions.com,https:ascendacoustics.com,https:kleid.com.co,https:honey-secret.com,https:wirelly.xyz,https:candy-warehouse.co.uk,https:starkhockey.com,https:scotjewelry.com,https:lifestylebeads.com,https:velettaskincare.com,https:redchurch.beer,https:zorayascouture.com,https:buyjumpboots.com,https:treasurycollection.com,https:xzmodafeminina.com.br,https:thehonestballco.com,https:perfectly.me,https:thatretropiece.com,https:di247store.com,https:btailored.com,https:animalspedal.us,https:alialex.com,https:flintcrossing.com,https:encompassactive.com,https:nicecommerce.com,https:gameondogs.com.au,https:innoseal.com,https:somlos.com,https:allinactionsports.com,https:eticeramicstore.com,https:oudmilano.com,https:vastustoreonline.com,https:megapaws.shop,https:catshield.com,https:aldeababy.com,https:theinfiniteaesthetic.com,https:localbeach.com,https:genascht.com,https:mariejune.com,https:voghion.com,https:imoginostore.com,https:bikerepaircentre.ca,https:metatechtr.com,https:yfrobot.com
46,https:vigotron.com,https:globalmaker.net,https:belindajewelry.com,https:comfortzone.it,https:mansatea.com,https:fjwatches.com,https:hansiro.de,https:theteek.com,https:anewall.com,https:soeji.de,https:cuteplushies.net,https:farmersarmour.com,https:zarasyl.com,https:protouchuppaint.com,https:itsmaylabel.com,https:dogknightsproductions.com,https:beautyreina.com,https:down4hope.com,https:taibacollection.com,https:miabay.com,https:icialeton.com,https:primalelements.com,https:one51store.com,https:cbddirectsolution.com,https:skullsector.com,https:buzzoms.com,https:modmodewatches.com,https:theshoegenie.com,https:camaras-espias.com,https:ramenkauppa.fi,https:turtletracksfamily.com,https:casualblack.com.au,https:noyette.com,https:cannon.com.ar,https:rushwoodworks.com,https:eatmorebakery.com,https:redrhino.co.za,https:seal1.com,https:miraeparis.com,https:kef.cn,https:niceseats.com,https:beautimate.com,https:afrobuy.co.uk,https:saumakassinn.is,https:munthe.com,https:fma-official.com,https:sirandmaam.com,https:baazkart.com,https:torchesdesignstudio.com,https:andreassous.com,https:squishcandies.com,https:ayreborn.com,https:aucoton.com,https:cynthiarichard.com,https:marienicoleclothing.com,https:waterdistillers.com,https:calzoncillosfoto.es,https:brewkegtap.co.uk,https:texland.pt,https:blossomconnection.com
47,https:retrendco.com,https:doringraphics.com,https:vestigebrand.com,https:gabrielsalcedo.us,https:madecentro.com,https:petstorecr.com,https:thefreshflames.com,https:ravenscroftescentials.com,https:kaywest.co,https:bubbaarmystore.com,https:annecate.com,https:pinclub.shop,https:gocleaningsupplies.com,https:marchqueen.com,https:weedshop.dk,https:royalcakes.com,https:purelifewish.com,https:simaxsports.com,https:humannaturellc.com,https:vivablender.com,https:dymiohd.com,https:primodynamicleds.com,https:leantools.dk,https:careerjerseys.com,https:adrianagallardo.com,https:benettstore.com.br,https:aceflag.com,https:dermpoint.com,https:farhillspharmacy.com,https:darbistvapers.ma,https:vayyip.net,https:otakuninja.in,https:midwestengravers.com,https:usnovelty.com,https:frontporchcandles.com,https:broccato.com.br,https:bowbair.com,https:knitly.co.uk,https:catwalk88.com,https:silverdepot.com,https:coppapp.com,https:homeaesthetics.uk,https:ecommevo.com,https:angellightshopping.com,https:jrwilliam.com,https:worldofclothing.com,https:skinbeautifulmd.com,https:beauty-gum.com,https:sirenibeauty.com,https:coolsparklerco.com,https:beautyface.hn,https:bossysbibs.com,https:wrestlingstore.co.uk,https:sklsports.com,https:markiplier.com,https:wor.com,https:vancillary.com,https:bombshellgear.com,https:9five.world,https:niashops.shop
48,https:crochtify.shop,https:itzyritzy.com,https:witchandheathen.com,https:3lpfreshfoods.com,https:umusicstore.cl,https:sweetlunagifts.com,https:sea-smadar.co.il,https:lovelytrendsboutique.com,https:awokenup.com,https:maskbros.co.uk,https:dontdieinthewoods.com,https:sustomi.com.au,https:freedomworksflags.com,https:necessities-stars.com,https:freedom2play.co.nz,https:gamers-basement.com,https:cultureculture.co,https:lazyone.ca,https:soloperformance.mx,https:adventurebys.com,https:theorchardhomeandgifts.com,https:shopimprintgang.com,https:macsopals.com,https:zaikamoya.com,https:sunglowlights.com,https:ladelle.com,https:doubledutchdrinks.com,https:soundandvisiongallery.co.uk,https:nitikagujral.com,https:stilproshop.com,https:elnadyah.com,https:claddaghrecords.com,https:solosix.co,https:yfproshop.com,https:youngagain.nl,https:paradisemotoshop.com,https:toptierjapan.com,https:gtvreality.com,https:theswaddlepro.com,https:backyardmarketplace.com,https:frameless.co.nz,https:sibirskaya.com,https:squaddra.com,https:trueames.com,https:pulpco.us,https:greenerhousenursery.com,https:olygaywawa.com,https:rajimports.net,https:shaeshoebox.com,https:portlbc.com,https:thelivelybrand.com,https:edgit.com,https:beauty.com.uy,https:baadsheep.com,https:markrober.store,https:billini.com,https:houseofsurmanti.nz,https:kangapoda.com,https:xtrend.co.za,https:bigwallmosaics.com
49,https:howliteapothecary.com,https:jdxamerica.com,https:chilabags.com,https:fubek.com,https:salomon.co.kr,https:timkee.hk,https:bonjourbabybaskets.com,https:kipandco.com.au,https:booty-lift.de,https:elementalnative.com,https:joannascuties.com,https:botanikinc.com,https:smarthauls.com,https:famcia.com,https:crystalparade.co.uk,https:mysnowcoach.com,https:healthycravingsco.com,https:rdrewnaturals.com,https:boblbee.com,https:thejaipurgardenparasols.com,https:godandfamo.us,https:lifetimewebdesigns.com,https:flowersandbread.com,https:fashionthings.com,https:klfnirmal.com,https:untamedstrengthapparel.com,https:divchi.co.uk,https:walknyshoes.com,https:straightoutta-apparel.com,https:reachinteractive.com,https:blackj.com,https:juicecreations.us,https:shopadley.com,https:ferozadesigns.com,https:editorialduve.mx,https:rudysseasonings.com,https:hausmylk.com,https:motostarz.com,https:petraswonderland.com,https:kaisercraft.com.au,https:nichecanvas.com,https:tanyaheath.com,https:wild-ass.fr,https:imutest.com,https:mozhmozh.com,https:probeautysuppliesandsuites.com,https:hccdistros.com,https:nanostyle.com,https:shoppinkhouse.com,https:radiantroutine.com,https:siesta-co.com,https:belladawnboutique.com,https:roycelife.com,https:feradje.com,https:markrydenbackpack.com,https:creativeandbrave.co.nz,https:synapsevibe.com,https:curatednaturals.com,https:natevastore.com,https:chicocreeksigns.com
